

1º COLUNA (BASE 1)
array([1, 1, 0])

# TERMOS DO PADRÃO
3

0s ANTES DO PADRÃO
0
       
PADRÃO
array([1, 1, 0])

SOMA DO PADRÃO
2

2º COLUNA (BASE 2)
array([1, 1, 0, 0, 0, 0])

# TERMOS DO PADRÃO
6

0s ANTES DO PADRÃO
2

SOMA DO PADRÃO
2

3º COLUNA (BASE 4)
array([1, 0, 1, 1, 0, 1, 0, 0, 0, 0, 0, 0])

# TERMOS DO PADRÃO
12

0s ANTES DO PADRÃO
4

SOMA DO PADRÃO
4

4º COLUNA (BASE 8)
array([1, 1, 0, 0, 0, 1, 0, 1, 1, 0, 1, 1, 1, 0, 1, 0, 1, 0, 0, 0, 0, 0, 0,
       0])

# TERMOS DO PADRÃO
24

0s ANTES DO PADRÃO
5

SOMA DO PADRÃO
10

5º COLUNA (BASE 16)
array([1, 0, 1, 1, 1, 0, 1, 0, 1, 1, 1, 1, 0, 0, 0, 1, 0, 1, 1, 0, 1, 1, 0,
       1, 0, 0, 0, 0, 1, 1, 0, 0, 0, 0, 1, 0, 1, 0, 1, 0, 0, 0, 0, 0, 0, 0,
       0, 0])

# TERMOS DO PADRÃO
48

0s ANTES DO PADRÃO
7

SOMA DO PADRÃO
20

6º COLUNA (BASE 32)
array([1, 1, 0, 0, 1, 1, 1, 0, 1, 0, 0, 1, 0, 1, 1, 1, 0, 1, 0, 1, 1, 1, 0,
       0, 1, 1, 0, 1, 1, 1, 1, 0, 1, 1, 1, 0, 0, 0, 1, 0, 1, 1, 0, 1, 1, 0,
       1, 1, 1, 0, 1, 0, 0, 0, 1, 1, 0, 0, 1, 0, 0, 0, 0, 1, 1, 0, 0, 0, 0,
       1, 1, 1, 1, 0, 1, 1, 0, 0, 1, 1, 0, 1, 0, 1, 0, 1, 0, 0, 0, 0, 0, 0,
       0, 0, 0, 0])

# TERMOS DO PADRÃO
96

0s ANTES DO PADRÃO
8

SOMA DO PADRÃO
48

7º COLUNA (BASE 64)
array([1, 0, 1, 1, 1, 1, 0, 0, 1, 1, 1, 0, 1, 0, 0, 0, 1, 1, 0, 0, 1, 0, 1,
       1, 1, 0, 1, 0, 0, 1, 1, 0, 0, 1, 0, 1, 1, 1, 0, 1, 0, 1, 1, 1, 0, 1,
       0, 0, 0, 1, 0, 1, 1, 0, 0, 1, 1, 1, 1, 0, 1, 1, 0, 0, 1, 1, 0, 1, 1,
       1, 1, 1, 0, 1, 0, 0, 0, 0, 1, 1, 1, 0, 0, 0, 1, 0, 1, 1, 0, 1, 1, 0,
       1, 1, 0, 1, 0, 0, 0, 0, 1, 0, 1, 0, 0, 0, 1, 1, 0, 0, 1, 1, 1, 0, 1,
       0, 0, 1, 1, 0, 0, 0, 0, 1, 0, 0, 0, 0, 1, 0, 0, 0, 0, 1, 1, 0, 0, 0,
       0, 1, 1, 0, 0, 1, 1, 1, 1, 0, 1, 1, 1, 1, 0, 0, 1, 1, 0, 1, 1, 1, 1,
       0, 1, 1, 0, 0, 1, 0, 1, 1, 1, 1, 0, 1, 0, 1, 0, 1, 0, 1, 0, 0, 0, 0,
       0, 0, 0, 0, 0, 0, 0, 0])
       
# TERMOS DO PADRÃO
192

0s ANTES DO PADRÃO
10

SOMA DO PADRÃO
96





                                                                        
                                                                
                                                                        
                                                                

